329
129
238
271
205
125
185
242
15
314
404
300
131
194_
226
104
152
227
373
151
198
273
11
325
369
360
348
421
249
417
258
264
406
215
358
147
320
246
159
370_bianyi
338
301
363
344
328
398
277
107
158
240
142
223
188
409
284
345
251
173
123
144
177
130
343
16
110_
289
186
234
324
364_yichang
191
157
232
355
319
350
341
335_
187
292
286
368
387_banfei
256
190
337
199_yichang
310
247
306_banfei
375
243
327
288_banfei
425
297
383
424
114
295
236
282_yichang
171
134
7
382
339
179
359
241
141
340
1
308
377
259
391
384
229
18
172
423
321_banfei
204
322
408_yichang
174
216_yichang
146
403
303
5
214
165
222
397
220
6
367
184
166
132
126
298
143
218_yichang
311
323
9
3
270
351
155
202
274
356
342
260
164
407
374_banfei
414
162
285_yichang
225
180
206
395
389
422
262
275
393_yichang
283_
210
333
394
280
192
254
235
209
305
349
121
169
376
201
100
252
291
178
160
208
8
135
203
239
272
10
365
163
402
230
257
182
411
331
133
119
415
361_banfei
124
381
268
261
265
279
309
137
390_banfei
304_banfei
290
401
193
380
315
136
330
140
250
266
231
326
354
245
181
217
112
263
352
347
2
128
388_banfei
307
145
420
150
170
336
400
287
316_banfei
410
120
296
362
396
129_18
267
366
167
419
278_
392
372
294
127
211
196
416_yichang
281
109
353
332
101
219
